push_trans,
	5.14,	1.14,	1,
	-0.114,	5.14,	1,
	0.002,	0.002,	5,

move, 1260, 2123,
quad, 1235, 1969, 1189, 1754,
line, 1551, 1754,
line, 1551, 1570,
line, 187, 1570,
line, 187, 1754,
line, 528, 1754,
quad, 482, 1991, 445, 2123,
line, 261, 2123,
line, 261, 2310,
line, 777, 2310,
quad, 765, 2369, 751, 2416,
quad, 737, 2464, 728, 2501,
line, 710, 2571,
line, 922, 2611,
quad, 946, 2537, 983, 2384,
line, 1001, 2310,
line, 1481, 2310,
line, 1481, 2123,
line, 1260, 2123,
move, 2685, 402,
line, 2857, 353,
quad, 2848, 169, 2845, 144,
quad, 2835, 34, 2798, -26,
quad, 2762, -86, 2685, -109,
quad, 2608, -132, 2467, -132,
line, 2024, -132,
quad, 1819, -132, 1739, -55,
quad, 1659, 22, 1659, 221,
line, 1659, 1524,
line, 2476, 1524,
line, 2476, 1739,
line, 1674, 1739,
line, 1674, 2599,
line, 1880, 2599,
line, 1880, 2319,
line, 2823, 2319,
line, 2823, 2135,
line, 1880, 2135,
line, 1880, 1905,
line, 2679, 1905,
line, 2679, 1358,
line, 1868, 1358,
line, 1868, 1164,
line, 2685, 1164,
line, 2685, 998,
line, 1868, 998,
line, 1868, 833,
line, 2685, 833,
line, 2685, 664,
line, 1868, 664,
line, 1868, 495,
line, 2685, 495,
line, 2685, 402,
move, 636, 2123,
quad, 673, 1981, 719, 1754,
line, 1011, 1754,
quad, 1048, 1905, 1081, 2123,
line, 636, 2123,
move, 362, -172,
line, 362, 1367,
line, 1379, 1367,
line, 1379, 120,
quad, 1379, -31, 1319, -91,
quad, 1260, -151, 1112, -151,
line, 863, -151,
line, 820, 43,
line, 1051, 43,
quad, 1134, 43, 1155, 67,
quad, 1177, 92, 1177, 169,
line, 1177, 390,
line, 559, 390,
line, 559, -172,
line, 362, -172,
move, 1177, 962,
line, 1177, 1186,
line, 559, 1186,
line, 559, 962,
line, 1177, 962,
move, 559, 790,
line, 559, 565,
line, 1177, 565,
line, 1177, 790,
line, 559, 790,
move, 2458, 58,
quad, 2574, 58, 2615, 93,
quad, 2657, 129, 2657, 227,
quad, 2657, 292, 2660, 329,
line, 1868, 329,
line, 1868, 261,
quad, 1868, 144, 1905, 101,
quad, 1942, 58, 2043, 58,
line, 2458, 58,
end,

// Sakaban Turtle
pop_trans,

move, -100, 0,
quad, 0,-10,100, 0,
cubi, 100, -100, -100, -100, -100, 0,
cubi, -100, 100, 100, 100, 100, 0,
move, 70, 30,
cubi, 70, 55, 30, 55, 30, 30,
cubi, 30, 5, 70, 5, 70, 30,

move, 55, 30,
cubi, 55, 40, 45, 40, 45, 30,
cubi, 45, 20, 55, 20, 55, 30,

move, -70, 30,
cubi, -70, 55, -30, 55, -30, 30,
cubi, -30, 5, -70, 5, -70, 30,

move, -55, 30,
cubi, -55, 40, -45, 40, -45, 30,
cubi, -45, 20, -55, 20, -55, 30,

move, 30, -4,
quad, 0, -60, -30, -4

