// Drawing Vegravis icon using vectors

push_trans,
	1,	0,	0,
	0,	-1,	0,
	0,	0,	1,

move, 40.06, 0,
line, 55.06, 0,
line, 55.06, 500,
line, 40.06, 500,
line, 40.06, 0,
close,

move, 540.06, 500,
line, 540.06, 485,
line, 40.06, 485,
line, 40.06, 500,
line, 540.06, 500,
line, 540.06, 500,
close,

move, 532.56, 498.078,
line, 540.06, 485.088,
line, 496.759, 460.088,
line, 489.259, 473.078,
line, 532.56, 498.078,
close,

move, 53.35, 7.5,
line, 40.359, 0,
line, 15.359, 43.301,
line, 28.35, 50.801,
line, 53.35, 7.5,
close,

move, 540.06, 499.49,
line, 532.56, 486.5,
line, 489.259, 511.5,
line, 496.759, 524.49,
line, 540.06, 499.49,
close,

move, 54.762, -0,
line, 41.771, 7.5,
line, 66.771, 50.801,
line, 79.762, 43.301,
line, 54.762, 0,
close,

move, 160.007, 450.607,
cubic, 178.224, 376.473, 180.752, 283.867, 245.14, 213.141,
line, 331.296, 247.532,
cubic, 388.936, 342.489, 403.589, 386.239, 396.833, 450.289,
line, 369.363, 448.709,
cubic, 383.093, 451.608, 328.5, 312.01, 275.965, 310.925,
cubic, 240.207, 310.187, 175.044, 451.003, 192.534, 451.543,
line, 160.007, 450.607,
close,

move, 242.16, 227.186,
cubic, 226.831, 219.064, 215.477, 207.424, 208.1, 192.266,
cubic, 200.722, 177.108, 198.048, 159.865, 200.076, 140.538,
cubic, 202.217, 120.137, 207.796, 105.525, 216.813, 96.701,
cubic, 225.83, 87.877, 237.372, 83.322, 251.439, 83.034,
cubic, 265.507, 82.746, 281.256, 85.01, 298.687, 89.824,
cubic, 316.09, 94.907, 331.167, 101.714, 343.919, 110.244,
cubic, 356.671, 118.774, 366.194, 129.747, 372.487, 143.163,
cubic, 378.78, 156.579, 380.94, 172.682, 378.968, 191.472,
cubic, 376.912, 211.068, 371.472, 225.287, 362.648, 234.131,
cubic, 353.824, 242.975, 341.992, 247.501, 327.154, 247.708,
cubic, 312.315, 247.914, 265.537, 253.909, 245.326, 247.718,
line, 278.508, 123.968,
cubic, 268.649, 121.305, 267.222, 121.667, 258.42, 121.015,
cubic, 249.618, 120.362, 242.243, 121.895, 236.297, 125.613,
cubic, 230.35, 129.332, 226.828, 136.425, 225.729, 146.894,
cubic, 223.701, 166.221, 231.685, 181.171, 249.681, 191.745,
line, 242.16, 227.186,
move, 353.274, 185.519,
cubic, 354.485, 173.976, 351.339, 164.012, 343.836, 155.625,
cubic, 336.333, 147.239, 336.968, 145.405, 321.635, 139.182,
line, 302.101, 204.98,
cubic, 311.245, 207.026, 319.522, 208.03, 326.935, 207.994,
cubic, 334.347, 207.957, 340.379, 206.216, 345.03, 202.769,
cubic, 349.68, 199.322, 352.428, 193.572, 353.274, 185.519,
close,

move, 360.64, 124.888,
line, 295.874, 249.544,
line, 268.63, 250.513,
line, 245.14, 83.468,
cubic, 254.483, 82.405, 264.466, 82.799, 274.902, 84.223,
line, 283.915, 183.574,
cubic, 284.291, 187.891, 284.854, 192.95, 285.605, 198.75,
cubic, 286.356, 204.551, 286.92, 210.014, 287.295, 215.14,
cubic, 289.549, 210.149, 291.849, 204.922, 294.196, 199.458,
cubic, 296.543, 193.995, 298.562, 189.442, 300.252, 185.8,
line, 336.915, 105.868,
cubic, 346.341, 111.243, 354.362, 117.511, 360.64, 124.888,
close,

move, 160.007, 450.607,
line, 192.534, 450.607,
line, 192.534, 485,
line, 160.007, 485,
line, 160.007, 450.607,
close,

move, 368.302, 447.744,
line, 400.829, 447.744,
line, 400.829, 485,
line, 368.302, 485,
line, 368.302, 447.744,
close,

end
